3 0.00000016127720000000
4 0.00000032512160000000
5 0.00000069877760000000
6 0.00000150357760000000
7 0.00000321941760000000
8 0.00000685643520000000
9 0.00001447445087297117
10 0.00003055465669960576
11 0.00006418801843317972
12 0.00013404240065546905
13 0.00028058910282671040
14 0.00058532540983606551
15 0.00121714754098360667
16 0.00252793114754098353
17 0.00526004605263157878
18 0.01100755263157894744
19 0.02288505263157894487
20 0.04785278947368420965
21 0.10256522222222222429
22 0.21918460000000000720
23 0.45828819999999997892
24 0.94822479999999997879
25 1.95852420000000004841
26 4.03597219999999978768
27 8.25519519999999928928
28 17.00055920000000142522
29 34.84014119999999792299
