3 0.00000018553640000000
4 0.00000040205200000000
5 0.00000088446400000000
6 0.00000193452480000000
7 0.00000419968000000000
8 0.00000906306560000000
9 0.00001972223644462649
10 0.00004209257078490604
11 0.00008901638504864312
12 0.00018824682507169192
13 0.00039726997132322818
14 0.00083767868852459011
15 0.00175896557377049198
16 0.00369073442622950849
17 0.00772923684210526356
18 0.01627572368421052740
19 0.03415157894736842170
20 0.07126147368421052730
21 0.14954088888888888986
22 0.31472699999999997900
23 0.65512059999999994186
24 1.35725300000000004275
25 2.80362119999999981346
26 5.81812320000000049447
27 11.95913239999999966301
28 24.62132860000000178502
29 50.81459859999999650881
