3 0.00000003309080000000
4 0.00000005522160000000
5 0.00000009124960000000
6 0.00000016875840000000
7 0.00000033712000000000
8 0.00000064494080000000
9 0.00000128395883467308
10 0.00000264697148123496
11 0.00000535719406041987
12 0.00001241274068004916
13 0.00002562187628021303
14 0.00008604426229508197
15 0.00030616885245901641
16 0.00067465901639344268
17 0.00143270394736842092
18 0.00289768421052631576
19 0.00640210526315789473
20 0.01304305263157894829
21 0.02736811111111111042
22 0.06004660000000000553
23 0.14564779999999999394
24 0.31285200000000001896
25 0.65916399999999997217
26 1.36213499999999987367
27 2.79466759999999991848
28 6.48344660000000061473
29 14.66039400000000014757
