3 0.00000017952320000000
4 0.00000039510320000000
5 0.00000089263520000000
6 0.00000200168000000000
7 0.00000446897920000000
8 0.00000989995520000000
9 0.00002190545798986227
10 0.00004768951922584609
11 0.00010311735791090631
12 0.00022313682916837361
13 0.00047862228594838183
14 0.00105968442622950826
15 0.00237461803278688540
16 0.00507600983606557379
17 0.01076422368421052489
18 0.02311323684210526280
19 0.04836178947368421216
20 0.10151910526315789662
21 0.21276211111111112406
22 0.44912260000000003846
23 0.95579959999999997144
24 1.99648259999999977410
25 4.17094239999999949475
26 8.64187000000000082878
27 17.96429859999999933962
28 37.64357619999999826632
29 80.89629859999999439424
