3 0.00000000000040000000
4 0.00000000000080000000
5 0.00000000000160000000
6 0.00000000000320000000
7 0.00000000000000000000
8 0.00000000001280000000
9 0.00000000002560032768
10 0.00000000005120065537
11 0.00000000010240655402
12 0.00000000000000000000
13 0.00000000040966816878
14 0.00000000081967213115
15 0.00000000000000000000
16 0.00000000327868852459
17 0.00000000657894736842
18 0.00000000000000000000
19 0.00000002631578947368
20 0.00000005263157894737
21 0.00000011111111111111
22 0.00000000000000000000
23 0.00000020000000000000
24 0.00000020000000000000
25 0.00000020000000000000
26 0.00000020000000000000
27 0.00000020000000000000
28 0.00000020000000000000
29 0.00000020000000000000
