3 0.00000016478400000000
4 0.00000037014320000000
5 0.00000082095200000000
6 0.00000182904640000000
7 0.00000406012800000000
8 0.00000903216640000000
9 0.00002022367006297681
10 0.00004406190159234038
11 0.00009577808499743984
12 0.00020645309299467430
13 0.00044255714870954527
14 0.00094878934426229512
15 0.00201792622950819648
16 0.00427982622950819677
17 0.00906491447368421022
18 0.01917296052631578887
19 0.04067205263157894907
20 0.08530357894736842472
21 0.17949588888888889926
22 0.37816800000000000415
23 0.78988539999999995977
24 1.64840739999999996712
25 3.42791679999999976403
26 7.12329479999999914952
27 14.73197680000000175937
28 30.44491640000000032273
29 62.86529980000000250584
