3 0.00000007303960000000
4 0.00000012707200000000
5 0.00000023280160000000
6 0.00000047753280000000
7 0.00000099662720000000
8 0.00000210088960000000
9 0.00000440320516102606
10 0.00000921714197941734
11 0.00001929175627240143
12 0.00004028328553871365
13 0.00008371650962720197
14 0.00017528688524590165
15 0.00036455409836065573
16 0.00075377049180327862
17 0.00156479605263157903
18 0.00327284210526315820
19 0.00709194736842105270
20 0.01522542105263157905
21 0.03969933333333333647
22 0.09698299999999999976
23 0.21257660000000000444
24 0.44948100000000001941
25 0.93677919999999992307
26 1.94373480000000009582
27 4.01943520000000020787
28 8.28871080000000048926
29 17.05057319999999876359
