3 0.00000007231440000000
4 0.00000013097760000000
5 0.00000023935680000000
6 0.00000049060480000000
7 0.00000103985280000000
8 0.00000216610560000000
9 0.00000451085453893810
10 0.00000942936869591931
11 0.00001971152073732719
12 0.00004108725931995084
13 0.00008518435067595249
14 0.00017814016393442623
15 0.00037033770491803279
16 0.00076597049180327870
17 0.00158744736842105264
18 0.00333571052631578954
19 0.00717863157894736790
20 0.01537642105263158088
21 0.03994988888888888895
22 0.09740240000000000009
23 0.21603859999999999730
24 0.45042099999999996029
25 0.94142179999999997531
26 1.92703880000000005168
27 3.99274100000000009558
28 8.22849700000000083833
29 17.16503039999999913334
