3 0.00000004530040000000
4 0.00000007211280000000
5 0.00000011788320000000
6 0.00000025012160000000
7 0.00000051027200000000
8 0.00000113473280000000
9 0.00000239337463519533
10 0.00000528196200911372
11 0.00001122048131080389
12 0.00002444735764031135
13 0.00005183818107333061
14 0.00011204672131147542
15 0.00023560000000000001
16 0.00050448852459016394
17 0.00106183552631578947
18 0.00228843421052631578
19 0.00481781578947368394
20 0.01040315789473684159
21 0.02441188888888888922
22 0.05636719999999999231
23 0.12064880000000000049
24 0.25442219999999998725
25 0.52961239999999998318
26 1.10152800000000006264
27 2.28345639999999994174
28 4.72681600000000035067
29 9.63854019999999955814
