3 0.00000006265520000000
4 0.00000007928240000000
5 0.00000013075360000000
6 0.00000024569280000000
7 0.00000048640640000000
8 0.00000107045120000000
9 0.00000228764528185961
10 0.00000502288669294967
11 0.00001080051203277010
12 0.00002350634985661614
13 0.00005021302744776731
14 0.00010825163934426228
15 0.00022817540983606559
16 0.00049029508196721315
17 0.00103335526315789469
18 0.00221777631578947386
19 0.00468010526315789516
20 0.01013952631578947383
21 0.02395200000000000107
22 0.05674420000000000158
23 0.11889639999999998543
24 0.25039639999999996345
25 0.52130280000000006613
26 1.08195440000000009384
27 2.23920640000000004122
28 4.62545219999999979166
29 9.50347040000000120585
