3 0.00000004537320000000
4 0.00000006939520000000
5 0.00000012425120000000
6 0.00000024968000000000
7 0.00000053255680000000
8 0.00000114470400000000
9 0.00000249116788694895
10 0.00000536966873175977
11 0.00001161310803891449
12 0.00002477816468660385
13 0.00005337894305612454
14 0.00011307704918032786
15 0.00024225409836065571
16 0.00050996721311475409
17 0.00108842763157894745
18 0.00229219736842105250
19 0.00485455263157894695
20 0.01029378947368421102
21 0.02236655555555555619
22 0.04765460000000000529
23 0.10046919999999999462
24 0.21121020000000001460
25 0.44159959999999998104
26 0.92039320000000002242
27 1.91555220000000003822
28 3.98651399999999966894
29 8.25968740000000067880
