3 0.00000005848320000000
4 0.00000007545040000000
5 0.00000013134720000000
6 0.00000024371200000000
7 0.00000051690880000000
8 0.00000109847040000000
9 0.00000239306743126312
10 0.00000513266089805949
11 0.00001120665642601127
12 0.00002385907414993855
13 0.00005175870544858665
14 0.00010907131147540982
15 0.00023546885245901642
16 0.00049336721311475412
17 0.00105944736842105282
18 0.00221751315789473673
19 0.00474307894736842109
20 0.01003615789473684232
21 0.02185833333333333378
22 0.04646000000000000130
23 0.09862920000000000020
24 0.20616119999999998891
25 0.43358540000000000969
26 0.90210840000000003247
27 1.89101679999999983117
28 3.92074259999999963355
29 8.17715220000000009293
