3 0.00000017373880000000
4 0.00000041276400000000
5 0.00000093172000000000
6 0.00000207743040000000
7 0.00000459615360000000
8 0.00001015180800000000
9 0.00002245077056986329
10 0.00004855081665045313
11 0.00010472964669738864
12 0.00022393260958623515
13 0.00047907210159770587
14 0.00101948606557377059
15 0.00215901803278688558
16 0.00455889508196721284
17 0.00961203947368421095
18 0.02031798684210526368
19 0.04291742105263157692
20 0.08987436842105263335
21 0.18779466666666666530
22 0.39453640000000000931
23 0.82364680000000001225
24 1.70915479999999986305
25 3.54794279999999995212
26 7.34864759999999961337
27 15.22133640000000198711
28 31.52655399999999730198
29 64.96695239999999671454
