3 0.00000007139400000000
4 0.00000012385200000000
5 0.00000022346080000000
6 0.00000045073600000000
7 0.00000089600000000000
8 0.00000187022080000000
9 0.00000386854231734166
10 0.00000832814500025600
11 0.00001703563748079877
12 0.00003588877509217534
13 0.00007498402294141746
14 0.00015806721311475410
15 0.00032909508196721313
16 0.00070153770491803282
17 0.00143355921052631583
18 0.00303577631578947358
19 0.00633739473684210523
20 0.01385489473684210597
21 0.03107077777777778049
22 0.07153180000000000649
23 0.14817779999999999840
24 0.32196440000000003945
25 0.63995599999999996932
26 1.35702940000000005227
27 2.71478159999999979490
28 5.70212900000000022516
29 11.40896799999999977615
