3 0.00000007271760000000
4 0.00000012472160000000
5 0.00000022592000000000
6 0.00000045601600000000
7 0.00000093953280000000
8 0.00000197388800000000
9 0.00000410211970713225
10 0.00000864937791203727
11 0.00001805212493599590
12 0.00003801372388365424
13 0.00007923473986071282
14 0.00016659918032786884
15 0.00034485245901639346
16 0.00072338360655737699
17 0.00149942763157894735
18 0.00315543421052631593
19 0.00659673684210526374
20 0.01418342105263157779
21 0.03198799999999999560
22 0.07332659999999999179
23 0.15131719999999998505
24 0.32286979999999998459
25 0.65148499999999998078
26 1.37261340000000009454
27 2.75640939999999989851
28 5.78891040000000067778
29 11.58160660000000063974
