3 0.00000007160760000000
4 0.00000012428080000000
5 0.00000022512800000000
6 0.00000046030720000000
7 0.00000094033280000000
8 0.00000196473600000000
9 0.00000411069581690646
10 0.00000866284368439916
11 0.00001809155145929339
12 0.00003801945923801721
13 0.00008055878738222040
14 0.00016651639344262295
15 0.00034562295081967209
16 0.00072415409836065574
17 0.00150061184210526313
18 0.00320298684210526324
19 0.00661844736842105187
20 0.01420226315789473691
21 0.03218777777777778043
22 0.07293779999999999708
23 0.15118180000000000507
24 0.32248999999999999888
25 0.65008440000000000669
26 1.37620940000000002712
27 2.76208279999999994914
28 5.79830459999999980880
29 11.61391659999999959041
