3 0.00000007020160000000
4 0.00000011391040000000
5 0.00000018123200000000
6 0.00000036095680000000
7 0.00000074033280000000
8 0.00000156981760000000
9 0.00000330600071680918
10 0.00000705724233270186
11 0.00001487875064004096
12 0.00003165137238836542
13 0.00006646784104875051
14 0.00014106475409836065
15 0.00029435081967213114
16 0.00062250163934426234
17 0.00129607236842105267
18 0.00274624999999999999
19 0.00579328947368421086
20 0.01259284210526315749
21 0.02880655555555555747
22 0.06666740000000000166
23 0.13825999999999999401
24 0.29691539999999999599
25 0.60010779999999996903
26 1.26999119999999998676
27 2.55033740000000008763
28 5.36516400000000004411
29 10.74536619999999942365
